round: 0
Robot pos: 0.5 0.5
0.5222743 0.4499993
0.52126575 0.44866642
0.51982665 0.44844818
0.51878875 0.44726604
0.5173661 0.44724718
0.5163058 0.4462164
0.51522565 0.44525114
0.5141269 0.44435257
0.5127399 0.44469842
0.51163167 0.44395235
0.51050925 0.44327456
0.5093741 0.44266587
0.50822747 0.44212702
0.5070708 0.4416587
0.50590557 0.44126147
0.5047331 0.4409358
0.50347924 0.44194415
0.50232184 0.44176656
0.50116163 0.44165993
0.5 0.44162437
0.49883837 0.44165993
0.49767816 0.44176656
0.49652076 0.44194415
0.49536762 0.44219247
0.4942201 0.44251123
0.49307963 0.4429
0.49177256 0.44212702
0.49062595 0.44266587
0.48949075 0.44327456
0.48836833 0.44395235
0.48726013 0.44469842
0.48616743 0.44551188
0.48509157 0.44639173
0.48403388 0.44733688
0.48299566 0.4483462
0.4815947 0.44834226
0.48057795 0.44950026
0.47958487 0.45071977
0.47861668 0.45199934
0.4776745 0.4533374
0.47627538 0.4537892
0.4753703 0.4552695
0.47449517 0.45680425
0.47311342 0.45754248
0.47228494 0.45921397
0.4714902 0.46093518
0.4698095 0.4786075
0.47008213 0.48090243
0.4710967 0.48352954
0.4714821 0.48565847
0.4719162 0.4877197
0.4723967 0.48970994
0.47292134 0.4916261
0.47277123 0.4932886
0.47337386 0.49509194
0.4732924 0.49672464
0.47396666 0.4984056
0.4739508 0.5

round: 1
Robot pos: 0.5 0.47231194
0.5202501 0.45011988
0.51859635 0.45031324
0.51756185 0.44993433
0.51767606 0.44809175
0.51662904 0.44784033
0.51613194 0.44683743
0.51561517 0.44586557
0.51507944 0.4449259
0.51404107 0.4449627
0.5134883 0.44411996
0.51291907 0.44331154
0.5123341 0.44253847
0.51132953 0.44285375
0.5107364 0.44217825
0.5097684 0.4426385
0.509172 0.44205865
0.5085644 0.4415157
0.50765204 0.44216958
0.5070476 0.4417196
0.50643456 0.44130686
0.50581366 0.44093192
0.50518566 0.44059518
0.50455135 0.4402971
0.5039115 0.44003803
0.5032669 0.4398183
0.5026183 0.43963814
0.50196654 0.43949777
0.5013124 0.4393974
0.5006566 0.43933713
0.5 0.43931702
0.49934343 0.43933713
0.49868765 0.4393974
0.49803346 0.43949777
0.4973817 0.43963814
0.4967331 0.4398183
0.4960885 0.44003803
0.49544865 0.4402971
0.49481434 0.44059518
0.49418637 0.44093192
0.49356547 0.44130686
0.4929524 0.4417196
0.49234793 0.44216958
0.49175277 0.4426563
0.4911677 0.44317916
0.49023154 0.4426385
0.48964703 0.44325447
0.4890751 0.44390583
0.4885165 0.44459182
0.48797187 0.44531158
0.48744193 0.44606423
0.48644307 0.44590577
0.48592588 0.44675165
0.48542583 0.44762865
0.4844058 0.44768658
0.48392525 0.44865605
0.48346433 0.44965434
0.48302352 0.45068026
0.48200354 0.45102286
0.48159087 0.45213735
0.4812006 0.4532764
0.4801944 0.45384288
0.4798389 0.45506638
0.479508 0.45631087
0.4785312 0.4570995
0.4775616 0.45798877
0.47660208 0.4589787
0.46390867 0.46788576
0.46528888 0.47018608

